5 274 155 370 228 62
294 324 354 430 218 56
414 265 465 405 197 0
360 325 417 424 183 56
443 275 513 403 164 72
408 326 443 414 158 56
304 322 420 428 107 60
209 285 268 321 99 58
448 228 461 249 98 74
240 303 253 320 59 75
383 279 404 320 35 58
167 340 186 374 33 41
219 287 266 320 33 58
359 322 373 338 27 41
333 280 369 335 23 58
167 340 186 374 23 75
558 315 640 391 22 62
240 304 255 320 20 75
344 281 368 325 19 58
302 322 340 337 15 56
314 324 394 426 15 60
550 399 587 509 14 75
361 322 374 338 14 41
359 322 373 338 14 75
351 307 362 325 13 75
411 326 443 403 12 56
468 465 640 529 12 60
214 339 298 429 11 56
489 277 512 400 10 72
317 332 397 360 10 60
310 323 393 365 10 60
316 322 394 344 10 60
294 322 393 370 8 60
384 280 401 320 8 58
383 279 404 320 7 0
359 322 373 338 7 40
510 327 549 391 7 69
481 471 639 532 7 60
313 298 324 321 7 39
47 320 61 349 6 39
313 298 324 321 6 75
306 321 439 353 6 60
548 367 637 510 6 58
418 326 438 355 6 56
362 324 417 381 5 56
379 324 443 422 5 56
6 146 173 235 5 62
335 308 346 322 5 75
443 275 513 403 5 69
361 322 374 338 5 75
334 296 345 322 4 58
550 399 587 509 4 25
615 408 640 462 4 73
384 280 401 320 4 0
316 298 325 321 4 39
384 298 401 320 4 58
398 312 408 324 4 39
612 333 640 378 4 0
358 320 373 338 4 75
257 322 383 345 4 60
408 328 438 410 4 56
398 312 408 324 4 41
302 321 390 342 4 60
548 246 640 323 3 62
302 322 340 337 3 60
344 323 355 338 3 41
303 320 339 326 3 60
606 392 640 463 3 73
239 300 250 320 3 75
216 323 433 430 3 60
340 307 355 323 3 58
302 320 341 328 3 60
340 307 355 323 3 75
313 323 426 377 3 60
335 308 346 322 3 39
351 325 361 338 3 40
301 317 368 331 3 60
626 335 640 377 3 0
511 329 545 389 3 69
607 394 640 415 3 73
412 292 443 354 3 56
350 307 362 338 3 75
398 312 408 324 3 75
313 298 324 321 2 40
390 323 417 413 2 56
433 339 447 409 2 56
432 339 448 411 2 56
462 486 539 532 2 56
355 307 368 328 2 75
250 296 266 320 2 58
252 304 264 320 2 75
344 323 355 338 2 56
312 322 398 343 2 60
548 315 640 494 2 62
405 326 423 412 2 56
464 306 494 404 2 72
316 298 325 321 2 75
349 282 369 326 2 58
382 320 401 326 2 56
555 315 640 459 2 62
335 308 346 322 2 58
313 298 324 321 2 41
5 146 173 238 2 62
350 307 362 338 2 40
382 311 407 324 2 56
344 323 355 338 2 75
351 307 362 325 2 58
361 322 374 338 2 40
510 327 549 391 2 72
47 320 61 349 2 0
334 285 361 323 2 58
381 314 416 327 2 60
383 313 401 323 2 56
320 334 354 414 2 56
351 325 361 338 2 75
361 328 390 375 2 56
365 326 391 359 2 56
512 304 527 329 2 68
306 287 433 405 2 60
242 303 253 320 2 75
481 471 639 532 2 56
606 392 640 463 2 56
358 320 373 338 2 41
359 328 389 414 2 56
398 312 408 324 2 58
380 325 395 339 2 56
351 307 362 325 2 40
490 278 513 399 1 72
317 321 361 353 1 60
359 322 373 338 1 45
382 311 407 324 1 58
310 322 346 337 1 56
414 326 440 385 1 56
431 339 445 412 1 56
299 324 357 388 1 56
167 340 186 374 1 39
320 301 327 321 1 75
362 321 373 337 1 41
381 279 407 363 1 58
332 280 369 332 1 58
608 406 637 462 1 73
409 298 445 407 1 56
304 321 443 426 1 60
361 322 374 338 1 39
548 369 593 510 1 58
356 321 375 355 1 60
349 302 362 323 1 75
464 306 494 404 1 69
351 325 361 338 1 41
333 281 369 344 1 58
410 338 441 413 1 56
462 317 479 332 1 45
314 300 323 321 1 75
359 322 373 338 1 39
550 399 587 509 1 39
466 370 640 529 1 60
412 316 430 336 1 56
365 326 391 359 1 60
362 321 373 337 1 75
439 275 491 397 1 72
314 324 394 426 1 56
384 298 401 320 1 75
409 274 514 404 1 72
384 296 400 320 1 58
607 396 640 421 1 73
335 310 349 336 1 60
344 323 355 338 1 40
462 489 505 532 1 56
481 471 639 532 1 59
512 303 528 329 1 39
443 273 490 372 1 72
448 227 462 249 1 74
355 307 368 328 1 58
358 320 373 338 1 58
358 320 373 338 1 40
351 307 362 325 1 39
240 303 253 320 1 39
213 323 429 419 1 60
468 465 640 529 1 56
341 307 355 338 1 60
550 399 587 509 1 26
382 320 401 326 1 60
341 307 355 338 1 58
302 320 341 328 1 56
430 335 445 406 1 56
313 298 324 321 1 56
411 336 442 404 1 56
607 396 640 462 1 73
365 336 389 359 1 56
334 296 345 322 1 39
303 320 339 326 1 56
398 312 408 324 1 0
341 307 355 338 1 56
512 304 527 329 1 69
295 310 508 406 1 60
342 303 355 323 1 58
301 323 341 337 1 56
294 316 497 416 1 60
250 294 266 315 1 58
296 325 305 342 1 56
362 324 391 375 1 56
363 324 393 414 1 56
381 314 416 327 1 56
315 325 353 345 1 56
394 313 421 326 1 56
359 332 387 418 1 56
5 274 155 369 1 62
492 249 526 283 1 68
240 303 253 320 1 58
511 329 545 389 1 72
430 336 446 409 1 56
337 323 347 338 1 56
340 307 355 323 1 39
412 292 443 354 1 26
167 340 186 374 1 74
293 322 416 429 1 60
550 399 587 509 1 14
430 286 438 299 1 27
355 297 367 324 1 75
327 283 369 343 1 58
415 326 438 371 1 56
344 323 355 338 1 39
335 310 349 336 1 56
408 266 453 400 1 0
294 332 327 416 1 56
430 286 441 317 1 27
322 313 343 322 1 56
608 406 640 462 1 73
359 322 373 338 1 56
381 279 407 363 1 0
428 265 446 304 1 0
319 335 391 357 1 60
461 486 548 532 1 56
410 322 429 362 1 56
398 312 408 324 1 56
351 325 361 338 1 39
250 296 266 320 1 75
477 245 526 284 1 72
465 337 491 404 1 56
297 321 347 357 1 56
606 392 640 463 1 62
362 324 413 403 1 56
548 367 637 510 1 25
398 312 408 324 1 40
337 323 347 338 1 41
327 297 342 321 1 58
511 304 529 377 1 72
462 317 479 332 1 58
314 300 323 321 1 40
382 311 407 324 1 75
604 334 632 377 1 0
394 313 421 326 1 60
490 278 513 399 1 69
359 275 514 404 1 72
410 358 441 412 1 56
372 326 443 422 1 56
127 466 475 528 1 60
167 340 186 374 1 73
362 329 392 394 1 56
341 307 355 338 1 75
301 317 368 331 1 56
341 322 360 344 1 60
550 399 587 509 1 0
550 399 587 509 1 46
366 325 391 340 1 56
578 356 609 375 1 77
350 307 362 338 1 58
320 301 327 321 1 39
295 325 306 350 1 56
398 319 426 328 1 60
316 298 325 321 1 41
578 356 609 375 1 0
550 399 587 509 1 58
398 319 426 328 1 56
625 408 640 460 1 73
48 320 63 350 1 39
631 412 640 461 1 73
350 307 362 338 1 39
335 308 346 322 1 40
548 315 640 494 1 72
414 322 426 344 1 56
406 323 423 343 1 56
512 303 528 329 1 68
382 279 406 327 1 58
317 321 361 353 1 56
361 322 374 338 1 45
319 339 356 371 1 56
385 280 401 308 1 58
329 280 414 363 1 58
548 367 637 510 1 75
320 334 363 412 1 56
240 304 255 320 1 39
341 307 355 338 1 40
465 316 479 330 1 45
607 394 640 415 1 63
295 325 413 422 1 60
331 336 358 416 1 56
240 303 253 320 1 41
176 380 189 389 1 73
408 326 443 414 1 60
